

H+ - H2

0.1 13 90
0.1334 20 5 79
0.1778 21 11.7 68
0.237 21.4 12.3 58
0.316 22.5 12.8 50.5
0.422 26.5 14.2 43.5
0.562 28 16.4 37.5
0.750 29 18.5 31.8
1.0 28 18.8 0.038 26.8
1.334 28.7 20 0.088 23.2
1.778 27.3 19 0.173 0.023 18.9
2.37 25.2 17.8 0.296 0.066 0.012 15.4
3.16 22.5 15.7 0.51 0.133 0.043 0.59 12.8
4.22 19.8 13.3 0.79 0.213 0.09 0.75 10.1
5.62 16.4 10.9 1.22 0.325 0.143 0.71 8.0
7.50 13.2 8.6 1.78 0.5 0.21 0.615 6.3
10.0 9.8 6.6 2.65 0.72 0.29 0.54 4.9
13.34 7.2 4.8 3.6 1.03 0.395 0.48 3.8
17.78 4.8 3.1 4.6 1.45 0.51 0.435 2.9
23.7 2.85 1.93 5.45 1.86 0.63 0,397 2.18
31.6 1.6 1.08 6 2.2 0.73 0.365 1.6
42.2 0.8 0.55 6.3 2.3 0.75 0.34 1.15
56.2 0.36 0.245 6.35 2.2 0.7 0.333 0.83
75.0 0.15 0.095 6.3 1.98 0.59 0.34 0.00077 0.00102 0.56
100. 0.058 0.034 6.1 1. 73 0.47 0.37 0.00125 0.00097 0.0017 0.38
133.4 0.021 0.012 5.75 1.45 0.38 0.43 0.003 0.0016 o.ooz:; o.z.r,
177.8 0.0085 0.0046 5.4 1.2 0.29 0.54 0.0074 0.0026 0.0037 0.14
237. 0.0031 0.0017 4.9 0.93 0.22 0.73 0.0155 0.0041 0.0054 0.082
316. 0. 0011 4.3 0.71 0.163 1.03 0.029 0.006 0.0077 0.051
4Zl. 3.7 0.53 0.118 1.54 0.053 0.0092 0.0109 0.032
562. 3.15 0.39 0.083 2.3 0.089 0.0137 0.0162 0.0195
750. 2.6 0.275 0.058 3.35 0.137 0.0198 0.023 0.0117
1000. 2.15 0,198 0.04 4.5 0.18 0.026 0.033 0.0072
1334. 1.72 0.142 0.027 5.7 0.207 0.0323 0.048 0.0045
1778. 1.36 0.098 0.018 6.8 0.224 0.038 0.069 0.0027
2311. l,0ti 0.0ti8 0.0lZ 7. ti o.ztta 0.0lt1:5 0.098 0.00lti:!)
3162. 0.81 0.047 0.008 8.2 0.285 0.047 0.14 0.001
4217. 0.61 0.0323 8.4 0.365 0.055 0.2 0.000~2
S623. 0.4S5 0. 0217 8.4 0.45 0.068 0.28 0.00038
7499, 0.325 0.0144 8.3 0.54 0.088 0.4 0.000235
10000. 0.235 0.0095 8.1 0.65 0.12 0.55 0.000145


H2+ - H2

0.10 78 0.28
0.1334 68 0.34
0.1778 59 0.43
0.237 51 0.49
0.316 44 0.60
0.422 38 0.75
0.562 32.5 0.95
0.750 27 1.19
1.00 22.7 1.53
1.334 18.7 2.03
1.778 15.3 2.6 0.0085
2.37 11.8 4.1 0.0245
3.16 8.4 5.9 0.057
4.22 5.4 8.5 0.119
5.62 2.9 10.4 0.225    0.33			
7.50 1.3 11.0 0.395    0.83			
10.0 0.42 10.8 0.63    0.85			
13.34 0.093 10.6 0.85  0.78			
17.78 0.015 10.2 1.12  0.72			
23.7 9.9 1.36	       0.68			
31.6 9.6 1.49	       0.67 0.0001		
42.2 9.2 1.52	       0.69 0.0008		
56.2 8.9 1.49	       0.70 0.0021		
75.0 8.6 1.43	       0.74 0.0048		
100 8.4 1.36	       0.78 0.0084		
133.4 8.2 1.30	       0.82 0.012		
177.8 7.9 1.20	       0.86 0.013 0.017	
237 7.7 1.12	       0.91 0.033 0.024	
316 7.4 1.03	       0.95 0.068 0.0335	
421 7.2 0,94	       1.01 0.12 0.047		
562 7.1 0.86	       1.08 0.183 0.064	
750 6.8 0.78	       1.15 0.255 0.0133 0.091	
1000 6.4 0.71	       1.24 0.325 0.0233 0.124	
1334 6.2 0.64	       1.34 0.39 0.034 0.17	
1778 5.9 0.57	       1.48 0.44 0.049 0.23	
2371 5.9 0.50	       1.62 0.50 0.064 0.31	
3162 5.9 0.44	       1.82 0.55 0.081 0.41	
4217 6.1 0.37	       1.98 0.58 0.099 0.55	
5623 6.4 0.31	       2.2 0.62 0.119 0.73	
7499 6.8 O.Z6	       Z.38 0.64 0.138 0.95	
10000 7.0 0.215	       2.44 0.72 0.157 1.27    




H3+ H2

0.10 85.
0.1334 72.5
0.1778 61
0.237 51.5
0.316 44.5
0.42Z 38
0.56Z 33.3
0.750 Z8.5
1.00 25.
1.334 Z2.6
1. 778 20
Z.37 17.8
3.16 15.7
4.22 13.6
5.62 11.6
7.50 9.5
10.0 0.009 7.85
13.34 0.0163 6.3
17.78 0.026 O.OZ83 0.011 0.011 4.85
Z3.7 0.033 0.05Z5 O.OZ55 0.0255 3.69
31.6 0.0395 0.077 0.044 0.044 Z.75
42.2 0.045 0.099 0.069 0.069 0.0197 0.009 0.0123 ? 01
56.2 0.051 0.117 0.102 0.102 0.037 0.0156 0.0208 1.44
75.0 0.0555 0.127 0.149 0.149 0.057 O.OZ2 0.0305 0.99
100 0.0595 0.131 O.Z07 O.Z07 0.082 O.OZ75 0.041 0.67
133.4 0.0647 0.133 O.Z83 O.Z83 0.107 0.033 0.05Z5 0.44
177.8 0.071 0.141 0.383 0.383 0.137 0.038 O.U6/ U.'l.'J7
Z37 0.08 0.159 0.51 0.51 0.166 0.043 0.08Z5 0.195
316 0.093 0.183 0.67 0.64 0.20 0.048 0.10 0.12
4ZZ 0.107 0.21 0.87 0.795 0.237 0.0525 0.12 0.08
56Z 0.1Z7 O.Z47 1.12 0.97 0.273 0.056 0.143 0.051
750 0.153 0.293 1.43 1.17 0.297 0.0605 0.174 0.03Z5
1000 0.186 0.35 1.83 1.38 0.305 0.065 0.218 0.0203
1334 0.218 0.415 2.28 1.61 0.313 0.071 0.273 0.0124
1778 0.287 0.505 2.86 1.88 0.327 0.077 0.35 0.0072
2371 0.365 0.61 3.53 2.16 0.341 O.UIS!:l U.47 0.0046
3162 0.475 0.73 4.27 2.43 0.40 0.095 0.61 0.0026
4217 0.63 0.85 5.1 2.76 0.48 0.107 0.81 0.0015
5623 0.81 0.97 5.95 3.07 0.58 0.123 1.06 0.00062
7499 1.03 1.08 6.9 3.43 0.7 n_ 143 1. 34 0.00048
10000 1.27 1.17 7.8 3.75 0.83 0.165 1.67 0.00028





























N+ - N2 

0.1                112 14.9		  
0.133		   97 17.2			  
0.1778		   84 19.9			  
0.237		   73 23.1			  
0.316		   63 26.6			  
0.422		   55 30.9			  
0.562		   48 36.0			  
0.750		   41.5 41.5		  
1		   35.5 47.3		  
1.333		   31.3 55.7		  
1.778 0.051	   27 64.0			  
2.37 0.068	   23.8 75.3		  
3.16 0.083	   20.8 87.7		  
4.22 0.104	   18 101.2		  
5.62 0.164	   15.7 117.7		  
7.'50 0.3'5	   13.'5 135.0		  
10 1.45		   11.7 156.0		  
13.33 3		   10 177.8		  
17.78 4.25	   8.6 204			  
23.7 4.9	   7.3 231			  
31.6 4.95	   0.004 0.0 6.2 261	  
42.2 4.8	   0.0063 0.0016 5.15 290	  
56.2 4.73	   0.0085 0.0054 4.25 319	  
75.0 4.7	   0.0109 0.0116 3.5 350	  
100 4.65	   0.0137 0.0305 2.9 387	  
133.3 4.6	   0.0172 0.077 2.3 409	  
177.8 4.6 0.000 93 0.0217 0.158 1.8 427	  
237 4.6 0.0015	   0.0272 0.275 1.36 430	  
316 4.63 0.0025	   0.0337 0.44 0.98 413	  
422 4.67 0.0039	   0.0425 0.675 0.68 382	  
562 4.83 0.0061	   0.053 0.97 0.46 345	  
750 4.95 0.0097	   0.066 1.34 0.298 298	  
1000 5.17 0.0154   0.083 1.74 0.19 254	  
1333 5.44 0.0243   0.103 2.18 0.117 208	  
1778 6 0.038	   0.13 2.74 0.07 166.4	  
2370 6.5 0.06	   0.167 3.37 0.041 130.2	  
3160 7.1 0.094	   0.218 4.06 0.0235 99.9	  
4220 7.8 0.148	   0.297 4.9 0.0135 77.3	  
5620 8.4 0.233	   0.407 5.87 0.0073 56.9	  
7500 9.25 0.365	   0.58 6.93 0.0041 44.5	  
10000 10.1 0.555   0.82 8.05 0.0024 37.7     


N2+ - N2

0.1
0.1333
0.1778
0.237
0.316
0.422
0.562
0.750
1
1.334
1.778
2.37
3.16
4.22
5.62
7.50
10
13.34
17.78
23.7
31.6
42.2
56.2
75.0
100
133.4
177.8
237
316
422
562
750
1000
1334
1778
2370
3160
4220
5620
7500
10000


Q(Vib)
(0.29)"
1.75
3.7
3.8
3.73
3.6
3.53
3.52
3.55
3.62
3.7
3.74
3.82
3.87
3.92
3.95
3.95
3.9
3.8
3.65
3.4
3.16
2.85
2.5
2.14
1.72
1.22
0.8
0.51
0.345
0.238
0.17
0.124
0.095
0.076




QcT
45
43.3
41.6
40.5
38.7
37.5
36
35
34
33
32
31.3
30.6
29.7
29
28.3
27.7
27
26.3
26
25.4
24.8
24.2
23.8
23.3
22.9
22.7
22
21.4



Q(N+)(15)
0.0034
0.037
0.31
1.01
0.99
0.89
0.75
0.61
0.49
0.40
0.34
0.30
0.29
0.29
0.34
0.435
0.55
0.695
0.90
1.16
1.53
2.00
2.64
3.4



0.0034
0.035
0.09
0.0215
0.0042


Cross section
Q(391)(18.8)
0
0.007
0.008
0.0107
0.0137
0.0175
0.0227
0.0295
0.0387
0.051
0.067
0.091
0.123
0.165
0.227
0.317
0.44


Q(300--500)( 18.8)
0.0122
0.042
O.OR9~
0.101
0.1
0.098
0.097
0.097
0.1
0.1045
0.12
0.143
0.18
0.228
0.292
0.374
0.484
0.635
0.83
1.13
1.48
Qlll
---------------
177
159
143
132
123
114
107.5
101
96.5
92.5
89.3
86
84
81.3
79.3
77.5
75.5
74
72
70
69
67.5
fin
64.5
63.3
62.3
60.7
60
58.7
57.5
56.3
55
54
52.7
51.3
50
49
47.7
46.7
45.7
44.6


14.3
17.20
21.0
25.8
32.2
40.0
50.6
63.9
82.1
104.6
134.1
173.7
225
289
379
491
635
820
1079
1400
1823
2390
3100
4050
5240
6830
8930
11 630
15 190
19 830
25 900
33 600
44000
57 700
74 700
97 800
127 800
167 100
217 ()()()
288.000
372.000














Argon

Lab. ion
energy Q(e) Q(UV) Q(488) Q(811)
eV Qcr (15.8) 3 (11.8) (22) (13.1) Qm
0.1 157
0.133 352 148
0.177 827 142
0.237 137 134
0.316 227 128
0.421696 124
0.562 341 61 120
0.749 894 60 116
1 58.5 113
1.333 521 57.3 110
1.778 279 57 108
2.371 373 55.5 106.5
3.162 277 54 104
4.216 96, ~3 102.5
5.623 413 51.5 101
7.498 942 50 98.5
10 48.7 94.2
13.335 21 47.7 92 . .5
17.782 79 46.3 90.5
23.713 73 45 0.002 88
31.622 77 43.7 0.001 0.08 85.7
42.169 65 42.3 0.02 0.17 83
56.23413 41 0.05 0.29 80.5
74.989 42 39.7 0.12 0.41 0.0012 77.5
100 38 0.23 0.53 0.00007 0.003 75
133.3521 36.9 0.38 0.615 0.00016 0.0059 72
177.8279 35.3 0.58 0.68 0.000 39 0.0097 69
237.1373 34 0.78 0.72 0.000 83 0.014 66.5
316.2277 32.6 1.07 0.75 0.001 56 0.0177 63.5
421.6965 31 1.4 0.76 0.002 68 0.0202 60.3
562.3413 29.7 1.75 0.775 0.0041 0.022 57.7
749.8942 28 2.05 0.775 0.005 75 0.0235 55
1000 26.7 2.3 0.75 0.007 55 0.024 52
1333.521 25 2.5 0.72 0.0094 0.024 49.5
1778.279 23.4 2.6 0.68 0.0109 0.0233 46.5
2371.373 21.8 2.75 0.63 0.0123 0.0227 43.5
3162.277 20.4 2.85 0.59 0.0134 0.0217 40.4
4216.965 18.7 2.9 0.55 0.0143 0.0207 37.6
5623.413 17.2 2.95 0.52 0.015 0.0202 34.8
7498.942 15.6 3 0.48 0.0154 0.0198 31.8
10000 13.9 3 0.44 0.0157 0.019 28.8
a The numbers in parentheses i:tre the thre:shulu energies in the:: cc::ntc::r-uf-mas:s frame.









































