0.1 157.0 161.83897181605045
0.1333521432163324 148.0 147.16200548911192
0.1778279410038923 142.0 135.8203398416307
0.23713737056616552 134.0 126.98240315369863
0.31622776601683794 128.0 119.79305082820764
0.4216965034285822 124.0 114.00929149371221
0.5623413251903491 181.0 130.81571560134884
0.7498942093324559 176.0 127.58686060318698
1.0 171.5 125.94258110627752
1.333521432163324 167.3 125.80609198271773
1.7782794100389228 165.0 126.77482430426981
2.371373705661655 162.0 128.99056177867362
3.1622776601683795 158.0 153.65933346380103
4.216965034285822 155.5 157.26068753582163
5.623413251903491 152.5 162.27189648752196
7.498942093324558 148.5 167.27250084591986
10.0 142.9 172.49134130653698
13.33521432163324 140.2 178.96209105394493
17.78279410038923 136.8 185.1761094866008
23.71373705661655 133.002 190.40335732468023
31.622776601683793 129.481 196.11879438636132
42.169650342858226 125.49000000000001 199.72961890663126
56.23413251903491 121.84 202.84121377404142
74.98942093324558 117.7312 205.51384394646456
100.0 113.76307 208.83575147246836
133.3521432163324 109.90106 209.3539997224885
177.82794100389228 105.57009 208.1166685812608
237.13737056616552 102.01483 205.93760688102324
316.22776601683796 97.93925999999999 199.7400459844165
421.6965034285823 93.48288 190.2687444806947
562.341325190349 89.9511 179.5663111304551
749.8942093324558 85.85425 166.12902509346975
1000.0 81.78155 152.61839825792816
1333.521432163324 77.7534 138.1963573832159
1778.2794100389228 73.2142 124.10812644486158
2371.373705661655 68.715 111.27944517305089
3162.2776601683795 64.2751 99.42543551305548
4216.965034285822 59.785 89.52956027286352
5623.413251903491 55.505199999999995 80.2840233712584
7498.942093324558 50.9152 73.34895597848303
10000.0 46.1747 68.48137650895481
