0.1 218.0
0.133352 209.0
0.177827 203.0
0.237137 195.0
0.316227 189.0
0.421696 185.0
0.562341 181.0
0.749894 176.0
1.0 171.5
1.333521 167.3
1.778279 165.0
2.371373 162.0
3.162277 158.0
4.216965 155.5
5.623413 152.5
7.498942 148.5
10.0 142.9
13.33521 140.2
17.78279 136.8
23.71373 133.002
31.62277 129.481
42.16965 125.49000000000001
56.23413 121.84
74.98942 117.7312
100.0 113.76307
133.3521 109.90106
177.8279 105.57009
237.1373 102.01483
316.2277 97.93925999999999
421.6965 93.48288
562.3413 89.9511
749.8942 85.85425
1000.0 81.78155
1333.521 77.7534
1778.279 73.2142
2371.373 68.715
3162.277 64.2751
4216.965 59.785
5623.413 55.505199999999995
7498.942 50.9152
10000.0 46.1747
