0.1 0.0 106.643163586488
0.1333521432163324 0.0 97.60535952751393
0.1778279410038923 0.0 88.21270754791098
0.23713737056616552 0.0 78.68084154355078
0.31622776601683794 0.0 71.20991483352836
0.4216965034285822 0.0 65.36150296775878
0.5623413251903491 0.0 60.31991347215864
0.7498942093324559 0.0 55.076143159988476
1.0 0.0 50.737420658145425
1.333521432163324 0.0 47.22117917033719
1.7782794100389228 0.0 43.334055245247875
2.371373705661655 0.0 40.14265061498919
3.1622776601683795 0.0 37.16825309573258
4.216965034285822 0.0 34.62098346219903
5.623413251903491 0.0 32.05607863262456
7.498942093324558 0.0 29.222561666052812
10.0 0.0 26.382690349776684
13.33521432163324 0.0 24.01694496201267
17.78279410038923 0.0 21.751594978820297
23.71373705661655 0.0 19.86469443715168
31.622776601683793 0.0 18.260138795486828
42.169650342858226 0.0 16.812441983641666
56.23413251903491 0.0 15.581212574910644
74.98942093324558 0.0 14.574829225085955
100.0 0.0 13.92126899275271
133.3521432163324 0.0 13.459039960968544
177.82794100389228 0.0 13.291049857630414
237.13737056616552 0.0 13.268915030275371
316.22776601683796 0.0 13.221925574413316
421.6965034285823 0.0 13.367489909326538
562.341325190349 0.0 13.76464390608742
749.8942093324558 0.0 14.241580496670954
1000.0 0.0 14.79723790777339
1333.521432163324 0.0 15.364285213964074
1778.2794100389228 0.0 15.900292235327132
2371.373705661655 0.0 16.36934265546226
3162.2776601683795 0.0 16.878527564931197
4216.965034285822 0.0 17.31639297193876
5623.413251903491 0.0 17.685752409124333
7498.942093324558 0.0 18.18623023665979
10000.0 0.0 18.68573449578396
