0.1 103.0
0.1334 104.0
0.1778 100.7
0.237 91.7
0.316 85.8
0.422 84.2
0.562 81.9
0.75 79.3
1.0 75.63799999999999
1.334 71.988
1.778 65.396
2.37 58.774
3.16 52.27600000000001
4.22 45.043000000000006
5.62 37.69799999999999
7.5 31.205
10.0 25.499999999999993
13.34 21.305
17.78 17.794999999999998
23.7 15.297
31.6 13.575
42.2 12.19
56.2 11.018
75.0 10.01679
100.0 9.14592
133.4 8.2901
177.8 7.5968
237.0 6.891800000000001
316.0 6.2978000000000005
421.0 5.993100000000001
562.0 6.061400000000001
750.0 6.4745
1000.0 7.1342
1334.0 7.880800000000001
1778.0 8.609700000000002
2371.0 9.013950000000001
3162.0 9.538
4217.0 9.66292
5623.0 9.675079999999998
7499.0 9.667635
10000.0 9.664645
