0.1 78.28
0.1334 68.34
0.1778 59.43
0.237 51.49
0.316 44.6
0.422 38.75
0.562 33.45
0.75 28.19
1.0 24.23
1.334 20.73
1.778 17.908500000000004
2.37 15.9245
3.16 14.357000000000001
4.22 14.019
5.62 13.855
7.5 13.525
10.0 12.700000000000001
13.34 12.322999999999999
17.78 12.055000000000001
23.7 11.94
31.6 11.7601
42.2 11.410799999999998
56.2 11.0921
75.0 10.774799999999999
100.0 10.548399999999999
133.4 10.332
177.8 9.989999999999998
237.0 9.786999999999999
316.0 9.481499999999999
421.0 9.317
562.0 9.286999999999999
750.0 9.0893
1000.0 8.8223
1334.0 8.774000000000001
1778.0 8.669
2371.0 8.894
3162.0 9.201
4217.0 9.679
5623.0 10.379
7499.0 11.168
10000.0 11.802
