0.1 85.0
0.1334 72.5
0.1778 61.0
0.237 51.5
0.316 44.5
0.422 38.0
0.562 33.3
0.75 28.5
1.0 25.0
1.334 22.6
1.778 20.0
2.37 17.8
3.16 15.7
4.22 13.6
5.62 11.6
7.5 9.5
10.0 7.859
13.34 6.3163
17.78 4.9262999999999995
23.7 3.8265
31.6 2.9545
42.2 2.3329999999999997
56.2 1.8854
75.0 1.58
100.0 1.4249999999999998
133.4 1.3961999999999999
177.8 1.517
237.0 1.7454999999999998
316.0 2.0540000000000003
422.0 2.4715000000000007
562.0 2.9870000000000005
750.0 3.6100000000000003
1000.0 4.3543
1334.0 5.192399999999999
1778.0 6.2932
2371.0 7.5716
3162.0 9.012599999999999
4217.0 10.7385
5623.0 12.56362
7499.0 14.62348
10000.0 16.65528
