0.1 85.0 93.21905184294145
0.1333521432163324 72.5 85.04720949828342
0.1778279410038923 61.0 76.22795261701891
0.23713737056616552 51.5 67.09754463676778
0.31622776601683794 44.5 60.013454620935086
0.4216965034285822 38.0 54.477718772116724
0.5623413251903491 33.3 49.698828844268775
0.7498942093324559 28.5 44.68014245287765
1.0 25.0 40.53516617074402
1.333521432163324 22.6 37.10841897210644
1.7782794100389228 20.0 33.36023687219604
2.371373705661655 17.8 30.265625855060797
3.1622776601683795 15.7 27.856214864295012
4.216965034285822 13.6 25.45840661097127
5.623413251903491 11.6 23.06470419712081
7.498942093324558 9.5 20.513343348082152
10.0 7.859 18.02698990101635
13.33521432163324 6.3163 15.982910006908893
17.78279410038923 4.9262999999999995 14.090252171927878
23.71373705661655 3.8265 12.56214737780043
31.622776601683793 2.9545 11.28219065037777
42.169650342858226 2.3329999999999997 10.174767354857291
56.23413251903491 1.8854 9.253988330567362
74.98942093324558 1.58 8.51478880251058
100.0 1.4249999999999998 8.028997733191355
133.3521432163324 1.3961999999999999 7.705590697936425
177.82794100389228 1.517 7.598641894894643
237.13737056616552 1.7454999999999998 7.602052375417048
316.22776601683796 2.0540000000000003 7.620172036116459
421.6965034285823 2.4715000000000007 7.801012466257147
562.341325190349 2.9870000000000005 8.178178990399068
749.8942093324558 3.6100000000000003 8.65630303438445
1000.0 4.3543 9.220485664515452
1333.521432163324 5.192399999999999 9.844875743104183
1778.2794100389228 6.2932 10.488435677929623
2371.373705661655 7.5716 11.113290890656948
3162.2776601683795 9.012599999999999 11.80604077587794
4216.965034285822 10.7385 12.44900440299059
5623.413251903491 12.56362 13.070972229695542
7498.942093324558 14.62348 13.777771058510275
10000.0 16.65528 14.436883037684398
