0.1 0.0 106.57968527400277
0.1333521432163324 0.0 97.54648956253422
0.1778279410038923 0.0 88.15665195625155
0.23713737056616552 0.0 78.62633728349829
0.31622776601683794 0.0 71.15700163974763
0.4216965034285822 0.0 65.31004230066456
0.5623413251903491 0.0 60.26938886218196
0.7498942093324559 0.0 55.02642535605497
1.0 0.0 50.68826293531405
1.333521432163324 0.0 47.17216975542068
1.7782794100389228 0.0 43.28517935630232
2.371373705661655 0.0 40.093736325274286
3.1622776601683795 0.0 37.119478485812245
4.216965034285822 0.0 34.57253611248127
5.623413251903491 0.0 32.008005313913834
7.498942093324558 0.0 29.175413451842314
10.0 0.0 26.336883324303745
13.33521432163324 0.0 23.9723410639025
17.78279410038923 0.0 21.708520602703747
23.71373705661655 0.0 19.823181032838104
31.622776601683793 0.0 18.220062667014204
42.169650342858226 0.0 16.773980309879633
56.23413251903491 0.0 15.544255257049125
74.98942093324558 0.0 14.539187185159111
100.0 0.0 13.886432455659856
133.3521432163324 0.0 13.424910395567474
177.82794100389228 0.0 13.25726455026567
237.13737056616552 0.0 13.235291459784525
316.22776601683796 0.0 13.18874604006803
421.6965034285823 0.0 13.33467459219499
562.341325190349 0.0 13.731958974192471
749.8942093324558 0.0 14.209232949383631
1000.0 0.0 14.765311514287466
1333.521432163324 0.0 15.333075365849945
1778.2794100389228 0.0 15.870073707748888
2371.373705661655 0.0 16.340310943796332
3162.2776601683795 0.0 16.850815790447736
4216.965034285822 0.0 17.290036141202545
5623.413251903491 0.0 17.660941106968792
7498.942093324558 0.0 18.162692590590062
10000.0 0.0 18.66320124149802
