0.1 126.9
0.133 114.2
0.1778 103.9
0.237 96.1
0.316 89.6
0.422 85.9
0.562 84.0
0.75 83.0
1.0 82.8
1.333 87.0
1.778 91.051
2.37 99.168
3.16 108.583
4.22 119.304
5.62 133.564
7.5 148.85
10.0 169.15
13.33 190.8
17.78 216.85
23.7 243.2
31.6 272.154
42.2 299.9579
56.2 327.9939
75.0 358.2225
100.0 394.5942
133.3 415.9942
177.8 433.58063
237.0 436.2637
316.0 419.0862
422.0 388.0714
562.0 351.3191
750.0 304.6637
1000.0 261.1984
1333.0 215.86430000000001
1778.0 175.37800000000001
2370.0 140.338
3160.0 111.3955
4220.0 90.4585
5620.0 71.8173
7500.0 61.6291
10000.0 57.2274
