0.1 126.9 140.89407936277922
0.1333521432163324 114.2 128.23594132060498
0.1778279410038923 103.9 117.49411785969006
0.23713737056616552 96.1 108.20155504072507
0.31622776601683794 89.6 100.72344687763783
0.4216965034285822 85.9 94.73905316314543
0.5623413251903491 84.0 102.61351722912829
0.7498942093324559 83.0 98.06700547792418
1.0 82.8 94.78282411454227
1.333521432163324 87.0 92.64258786884267
1.7782794100389228 91.051 90.72705995063512
2.371373705661655 99.168 89.70253570636409
3.1622776601683795 108.583 100.14471471381698
4.216965034285822 119.304 99.62286245712947
5.623413251903491 133.564 99.49470720633865
7.498942093324558 148.85 98.8312443659078
10.0 169.15 97.90870781647303
13.33521432163324 190.8 97.65414785582755
17.78279410038923 216.85 97.06636745645295
23.71373705661655 243.2 96.29991720114772
31.622776601683793 272.154 95.84231627897253
42.169650342858226 299.9579 94.68030028228785
56.23413251903491 327.9939 93.5353340705582
74.98942093324558 358.2225 92.50973345504714
100.0 394.5942 92.26302148059014
133.3521432163324 415.9942 91.48642127308729
177.82794100389228 433.58063 90.76330849354177
237.13737056616552 436.2637 90.05621428237757
316.22776601683796 419.0862 88.06452895850799
421.6965034285823 388.0714 85.41220982672358
562.341325190349 351.3191 82.75743775988317
749.8942093324558 304.6637 79.19189434688654
1000.0 261.1984 75.50259052122611
1333.521432163324 215.86430000000001 71.2503088217723
1778.2794100389228 175.37800000000001 66.78486180891484
2371.373705661655 140.338 62.43482713066936
3162.2776601683795 111.3955 58.25194366256551
4216.965034285822 90.4585 54.564395897273435
5623.413251903491 71.8173 50.894395659975146
7498.942093324558 61.6291 48.19012853796012
10000.0 57.2274 46.311578513162914
