0.1 177.0 148.60463528784456
0.1333521432163324 159.0 133.35731748940728
0.1778279410038923 143.0 121.17271995699674
0.23713737056616552 132.0 111.55681968555044
0.31622776601683794 123.0 103.70341303236461
0.4216965034285822 114.0 96.67247573260585
0.5623413251903491 107.5 107.42846249845645
0.7498942093324559 102.75 102.10417183357706
1.0 100.2 98.5351376859931
1.333521432163324 96.3 96.04945400216113
1.7782794100389228 93.03 94.38562784124454
2.371373705661655 89.6 93.52337571178953
3.1622776601683795 132.53 107.60420577918781
4.216965034285822 128.12 107.5095699941554
5.623413251903491 124.44999999999999 108.04475049309603
7.498942093324558 121.62 107.9427993414223
10.0 117.9 107.62875873369121
13.33521432163324 115.24680000000001 107.73918149185918
17.78279410038923 111.892 107.15570021336407
23.71373705661655 109.27000000000001 105.9954302060637
31.622776601683793 107.9637 104.81711836888688
42.169650342858226 105.4862 102.84530824898859
56.23413251903491 102.9295 100.99574886989937
74.98942093324558 100.551 99.3957598607393
100.0 98.41 98.94899368062589
133.3521432163324 96.245 98.6775650492612
177.82794100389228 93.605 98.88500188272039
237.13737056616552 91.9077 99.79758327283825
316.22776601683796 89.6637 99.4368292399667
421.6965034285823 87.412 97.9523656138536
562.341325190349 85.17269999999999 95.77294893719095
749.8942093324558 83.2325 91.99380251010552
1000.0 81.27369999999999 87.71289994841415
1333.521432163324 79.129 82.76785352939193
1778.2794100389228 77.064 77.77518285686611
2371.373705661655 75.50999999999999 73.27817072208126
3162.2776601683795 74.305 68.78114523378603
4216.965034285822 73.10000000000001 65.07278768866941
5623.413251903491 72.581 61.40497619249299
7498.942093324558 71.882 58.54155060656163
10000.0 71.396 56.35033478469848
