0.1 222.0
0.1333 204.0
0.1778 188.0
0.237 177.0
0.316 168.0
0.422 159.0
0.562 152.5
0.75 147.75
1.0 145.2
1.334 141.3
1.778 138.03
2.37 134.6
3.16 132.53
4.22 128.12
5.62 124.44999999999999
7.5 121.62
10.0 117.9
13.34 115.24680000000001
17.78 111.892
23.7 109.27000000000001
31.6 107.9637
42.2 105.4862
56.2 102.9295
75.0 100.551
100.0 98.41
133.4 96.245
177.8 93.605
237.0 91.9077
316.0 89.6637
422.0 87.412
562.0 85.17269999999999
750.0 83.2325
1000.0 81.27369999999999
1334.0 79.129
1778.0 77.064
2370.0 75.50999999999999
3160.0 74.305
4220.0 73.10000000000001
5620.0 72.581
7500.0 71.882
10000.0 71.396
