
H+_H2

0.1 13 90
0.1334 20 5 79
0.1778 21 11.7 68
0.237 21.4 12.3 58
0.316 22.5 12.8 50.5
0.422 26.5 14.2 43.5
0.562 28 16.4 37.5
0.750 29 18.5 31.8
1.0 29 19.8 0.038 26.8
1.334 28.7 20 0.088 23.2
1.778 27.3 19 0.173 0.023 18.9
2.37 25.2 17.8 0.296 0.066 0.012 15.4
3.16 22.5 15.7 0.51 0.133 0.043 0.59 12.8
4.22 19.8 13.3 0.79 0.213 0.09 0.75 10.1
5.62 16.4 10.9 1.22 0.325 0.143 0.71 8.0
7.50 13.2 8.6 1.78 0.5 0.21 0.615 6.3
10.0 9.8 6.6 2.65 0.72 0.29 0.54 4.9
13.34 7.2 4.8 3.6 1.03 0.395 0.48 3.8
17.78 4.8 3.1 4.6 1.45 0.51 0.435 2.9
23.7 2.85 1.93 5.45 1.86 0.63 0.397 2.18
31.6 1.6 1.08 6 2.2 0.73 0.365 1.6
42.2 0.8 0.55 6.3 2.3 0.75 0.34 1.15
56.2 0.36 0.245 6.35 2.2 0.7 0.333 0.83
75.0 0.15 0.095 6.3 1.98 0.59 0.34 0.00077 0.00102 0.56
100. 0.058 0.034 6.1 1.73 0.47 0.37 0.00125 0.00097 0.0017 0.38
133.4 0.021 0.012 5.75 1.45 0.38 0.43 0.003 0.0016 0.0025 0.24
177.8 0.0085 0.0046 5.4 1.2 0.29 0.54 0.0074 0.0026 0.0037 0.14
237. 0.0031 0.0017 4.9 0.93 0.22 0.73 0.0155 0.0041 0.0054 0.082
316. 0.0011 4.3 0.71 0.163 1.03 0.029 0.006 0.0077 0.051
421. 3.7 0.53 0.118 1.54 0.053 0.0092 0.0109 0.032
562. 3.15 0.39 0.083 2.3 0.089 0.0137 0.0162 0.0195
750. 2.6 0.275 0.058 3.35 0.137 0.0198 0.023 0.0117
1000. 2.15 0.198 0.04 4.5 0.18 0.026 0.033 0.0072
1334. 1.72 0.142 0.027 5.7 0.207 0.0323 0.048 0.0045
1778. 1.36 0.098 0.018 6.8 0.224 0.038 0.069 0.0027
2371. 1.06 0.058 0.012 7.5 0.243 0.0413 0.098 0.00165
3162. 0.81 0.047 0.008 8.2 0.285 0.047 0.14 0.001
4217. 0.61 0.0323 8.4 0.365 0.055 0.2 0.00062
5623. 0.455 0.0217 8.4 0.45 0.068 0.28 0.00038
7499. 0.325 0.0144 8.3 0.54 0.088 0.4 0.000235
10000. 0.235 0.0095 8.1 0.65 0.12 0.55 0.000145



H2+_H2

0.10 78 0.28
0.1334 68 0.34
0.1778 59 0.43
0.237 51 0.49
0.316 44 0.60
0.422 38 0.75
0.562 32.5 0.95
0.750 27 1.19
1.00 22.7 1.53
1.334 18.7 2.03
1.778 15.3 2.6 0.0085
2.37 11.8 4.1 0.0245
3.16 8.4 5.9 0.057
4.22 5.4 8.5 0.119
5.62 2.9 10.4 0.225    0.33			
7.50 1.3 11.0 0.395    0.83			
10.0 0.42 10.8 0.63    0.85			
13.34 0.093 10.6 0.85  0.78			
17.78 0.015 10.2 1.12  0.72			
23.7 9.9 1.36	       0.68			
31.6 9.6 1.49	       0.67 0.0001		
42.2 9.2 1.52	       0.69 0.0008		
56.2 8.9 1.49	       0.70 0.0021		
75.0 8.6 1.43	       0.74 0.0048		
100 8.4 1.36	       0.78 0.0084		
133.4 8.2 1.30	       0.82 0.012		
177.8 7.9 1.20	       0.86 0.013 0.017	
237 7.7 1.12	       0.91 0.033 0.024	
316 7.4 1.03	       0.95 0.068 0.0335	
421 7.2 0.94	       1.01 0.12 0.047		
562 7.1 0.86	       1.08 0.183 0.064	
750 6.8 0.78	       1.15 0.255 0.0133 0.091	
1000 6.4 0.71	       1.24 0.325 0.0233 0.124	
1334 6.2 0.64	       1.34 0.39 0.034 0.17	
1778 5.9 0.57	       1.48 0.44 0.049 0.23	
2371 5.9 0.50	       1.62 0.50 0.064 0.31	
3162 5.9 0.44	       1.82 0.55 0.081 0.41	
4217 6.1 0.37	       1.98 0.58 0.099 0.55	
5623 6.4 0.31	       2.2 0.62 0.119 0.73	
7499 6.8 0.26	       2.38 0.64 0.138 0.95	
10000 7.0 0.215	       2.44 0.72 0.157 1.27    




H3+_H2

0.10 85.
0.1334 72.5
0.1778 61
0.237 51.5
0.316 44.5
0.422 38
0.562 33.3
0.750 28.5
1.00 25.
1.334 22.6
1.778 20
2.37 17.8
3.16 15.7
4.22 13.6
5.62 11.6
7.50 9.5
10.0 0.009 7.85
13.34 0.0163 6.3
17.78 0.026 0.0283 0.011 0.011 4.85
23.7 0.033 0.0525 0.0255 0.0255 3.69
31.6 0.0395 0.077 0.044 0.044 2.75
42.2 0.045 0.099 0.069 0.069 0.0197 0.009 0.0123 2.01
56.2 0.051 0.117 0.102 0.102 0.037 0.0156 0.0208 1.44
75.0 0.0555 0.127 0.149 0.149 0.057 0.022 0.0305 0.99
100 0.0595 0.131 0.207 0.207 0.082 0.0275 0.041 0.67
133.4 0.0647 0.133 0.283 0.283 0.107 0.033 0.0525 0.44
177.8 0.071 0.141 0.383 0.383 0.137 0.038 0.067 0.297
237 0.08 0.159 0.51 0.51 0.166 0.043 0.0825 0.195
316 0.093 0.183 0.67 0.64 0.20 0.048 0.10 0.12
422 0.107 0.21 0.87 0.795 0.237 0.0525 0.12 0.08
562 0.127 0.247 1.12 0.97 0.273 0.056 0.143 0.051
750 0.153 0.293 1.43 1.17 0.297 0.0605 0.174 0.0325
1000 0.186 0.35 1.83 1.38 0.305 0.065 0.218 0.0203
1334 0.218 0.415 2.28 1.61 0.313 0.071 0.273 0.0124
1778 0.287 0.505 2.86 1.88 0.327 0.077 0.35 0.0072
2371 0.365 0.61 3.53 2.16 0.347 0.085 0.47 0.0046
3162 0.475 0.73 4.27 2.43 0.40 0.095 0.61 0.0026
4217 0.63 0.85 5.1 2.76 0.48 0.107 0.81 0.0015
5623 0.81 0.97 5.95 3.07 0.58 0.123 1.06 0.00062
7499 1.03 1.08 6.9 3.43 0.7 0.143 1.34 0.00048
10000 1.27 1.17 7.8 3.75 0.83 0.165 1.67 0.00028


N+_N2

0.1                112 14.9		  
0.133		   97 17.2			  
0.1778		   84 19.9			  
0.237		   73 23.1			  
0.316		   63 26.6			  
0.422		   55 30.9			  
0.562		   48 36.0			  
0.750		   41.5 41.5		  
1		   35.5 47.3		  
1.333		   31.3 55.7		  
1.778 0.051	   27 64.0			  
2.37 0.068	   23.8 75.3		  
3.16 0.083	   20.8 87.7		  
4.22 0.104	   18 101.2		  
5.62 0.164	   15.7 117.7		  
7.50 0.35	   13.5 135.0		  
10 1.45		   11.7 156.0		  
13.33 3		   10 177.8		  
17.78 4.25	   8.6 204			  
23.7 4.9	   7.3 231			  
31.6 4.95	   0.004 0.0 6.2 261	  
42.2 4.8	   0.0063 0.0016 5.15 290	  
56.2 4.73	   0.0085 0.0054 4.25 319	  
75.0 4.7	   0.0109 0.0116 3.5 350	  
100 4.65	   0.0137 0.0305 2.9 387	  
133.3 4.6	   0.0172 0.077 2.3 409	  
177.8 4.6 0.00093  0.0217 0.158 1.8 427	  
237 4.6 0.0015	   0.0272 0.275 1.36 430	  
316 4.63 0.0025	   0.0337 0.44 0.98 413	  
422 4.67 0.0039	   0.0425 0.675 0.68 382	  
562 4.83 0.0061	   0.053 0.97 0.46 345	  
750 4.95 0.0097	   0.066 1.34 0.298 298	  
1000 5.17 0.0154   0.083 1.74 0.19 254	  
1333 5.44 0.0243   0.103 2.18 0.117 208	  
1778 6 0.038	   0.13 2.74 0.07 166.4	  
2370 6.5 0.06	   0.167 3.37 0.041 130.2	  
3160 7.1 0.094	   0.218 4.06 0.0235 99.9	  
4220 7.8 0.148	   0.297 4.9 0.0135 77.3	  
5620 8.4 0.233	   0.407 5.87 0.0073 56.9	  
7500 9.25 0.365	   0.58 6.93 0.0041 44.5	  
10000 10.1 0.555   0.82 8.05 0.0024 37.7     


N2+_N2

0.1                                             177    
0.1333						159    
0.1778						143    
0.237						132    
0.316						123    
0.422						114    
0.562						107.5  
0.750   1.75   					101    
1	3.7    					96.5   
1.334	3.8    					92.5   
1.778	3.73   					89.3   
2.37	3.6    					86     
3.16	3.53   45    				84     
4.22	3.52   43.3  				81.3   
5.62	3.55   41.6  				79.3   
7.50	3.62   40.5  				77.5   
10	3.7    38.7  				75.5   
13.34	3.74   37.5  0.0034 0.0034	  	74     
17.78	3.82   36    0.037  0.035 	  	72     
23.7	3.87   35    0.31   0.09  	  	70     
31.6	3.92   34    1.01   0.0215     0.0122   69     
42.2	3.95   33    0.99   0.0042     0.042  	67.5   
56.2	3.95   32    0.89	       0.0895 	66     
75.0	3.9    31.3  0.75	       0.101  	64.5   
100	3.8    30.6  0.61      0       0.1    	63.3   
133.4	3.65   29.7  0.49      0.007   0.098  	62.3   	  
177.8	3.4    29    0.40      0.008   0.097  	60.7   	  
237	3.16   28.3  0.34      0.0107  0.097  	60     	  
316	2.85   27.7  0.30      0.0137  0.1    	58.7   	  
422	2.5    27    0.29      0.0175  0.1045 	57.5   	  
562	2.14   26.3  0.29      0.0227  0.12   	56.3   	  
750	1.72   26    0.34      0.0295  0.143  	55     	  
1000	1.22   25.4  0.435     0.0387  0.18   	54     	  
1334	0.8    24.8  0.55      0.051   0.228  	52.7   	  
1778	0.51   24.2  0.695     0.067   0.292  	51.3   	  
2370	0.345  23.8  0.90      0.091   0.374  	50     	  
3160	0.238  23.3  1.16      0.123   0.484  	49     	  
4220	0.17   22.9  1.53      0.165   0.635  	47.7   	  
5620	0.124  22.7  2.00      0.227   0.83   	46.7   	  
7500	0.095  22    2.64      0.317   1.13   	45.7   	  
10000	0.076  21.4  3.4       0.44    1.48     44.6   





Ar+_Ar

0.1      157
0.133352 148
0.177827 142
0.237137 134
0.316227 128
0.421696 124
0.562341 61 120
0.749894 60 116
1        58.5 113
1.333521 57.3 110
1.778279 57 108
2.371373 55.5 106.5
3.162277 54 104
4.216965 53 102.5
5.623413 51.5 101
7.498942 50 98.5
10       48.7 94.2
13.33521 47.7 92.5
17.78279 46.3 90.5
23.71373 45 0.002 88
31.62277 43.7 0.001 0.08 85.7
42.16965 42.3 0.02 0.17 83
56.23413 41 0.05 0.29 80.5
74.98942 39.7 0.12 0.41 0.0012 77.5
100      38 0.23 0.53 0.00007 0.003 75
133.3521 36.9 0.38 0.615 0.00016 0.0059 72
177.8279 35.3 0.58 0.68 0.00039 0.0097 69
237.1373 34 0.78 0.72 0.00083 0.014 66.5
316.2277 32.6 1.07 0.75 0.00156 0.0177 63.5
421.6965 31 1.4 0.76 0.00268 0.0202 60.3
562.3413 29.7 1.75 0.775 0.0041 0.022 57.7
749.8942 28 2.05 0.775 0.00575 0.0235 55
1000     26.7 2.3 0.75 0.00755 0.024 52
1333.521 25 2.5 0.72 0.0094 0.024 49.5
1778.279 23.4 2.6 0.68 0.0109 0.0233 46.5
2371.373 21.8 2.75 0.63 0.0123 0.0227 43.5
3162.277 20.4 2.85 0.59 0.0134 0.0217 40.4
4216.965 18.7 2.9 0.55 0.0143 0.0207 37.6
5623.413 17.2 2.95 0.52 0.015 0.0202 34.8
7498.942 15.6 3 0.48 0.0154 0.0198 31.8
10000    13.9 3 0.44 0.0157 0.019 28.8
